1738337581298 0.7743354597944494 1
1738337581301 0.7948235771136807 2
1738337581303 0.7796312772144635 3
1738337581306 0.8012933129078862 4
1738337581308 0.8235099829947412 5
1738337581311 0.8214679734081987 6
1738337581313 0.8388347696021021 7
1738337581316 0.8285208091753958 8
1738337581318 0.8477233233300381 9
1738337581321 0.8485518722213073 10
1738337581323 0.8546101270550883 11
1738337581326 0.8519313421745067 12
1738337581328 0.8597765854960459 13
1738337581331 0.8668934835723935 14
1738337581333 0.8665503685922344 15
1738337581336 0.857548563430447 16
1738337581338 0.8605060534727096 17
1738337581341 0.8680111013276625 18
1738337581343 0.869689146508653 19
1738337581346 0.8672264636124178 20
1738337581348 0.8674061679578841 21
1738337581350 0.8668699942479812 22
1738337581353 0.8663461725382309 23
1738337581355 0.8666211066679709 24
1738337581358 0.8670483952790142 25
1738337581360 0.8680871620821476 26
1738337581363 0.867074115982376 27
1738337581365 0.8682365036982547 28
1738337581368 0.8659955924957075 29
1738337581370 0.8646619271572872 30
1738337581373 0.8629403358554307 31
1738337581375 0.8611426893640707 32
1738337581378 0.8609698088810029 33
1738337581380 0.8591638437977669 34
1738337581383 0.8585714186005933 35
1738337581385 0.8573069956546558 36
1738337581388 0.8573723469560103 37
1738337581390 0.8585751880390092 38
1738337581393 0.8577899151378282 39
1738337581395 0.8568667238144078 40
