1738337581298 0.71673 1
1738337581300 0.74076 2
1738337581303 0.72519 3
1738337581305 0.76678 4
1738337581308 0.77894 5
1738337581310 0.78958 6
1738337581313 0.79793 7
1738337581315 0.79955 8
1738337581318 0.80853 9
1738337581321 0.81256 10
1738337581323 0.81425 11
1738337581326 0.82024 12
1738337581328 0.82037 13
1738337581330 0.8201 14
1738337581333 0.82664 15
1738337581335 0.82227 16
1738337581338 0.82684 17
1738337581340 0.82888 18
1738337581343 0.83026 19
1738337581345 0.82602 20
1738337581348 0.82266 21
1738337581350 0.82368 22
1738337581353 0.82318 23
1738337581355 0.82349 24
1738337581358 0.82497 25
1738337581360 0.83146 26
1738337581363 0.82558 27
1738337581365 0.83078 28
1738337581368 0.82853 29
1738337581370 0.82916 30
1738337581373 0.82933 31
1738337581375 0.82996 32
1738337581377 0.82855 33
1738337581380 0.8291 34
1738337581383 0.8292 35
1738337581385 0.8279 36
1738337581387 0.82745 37
1738337581390 0.82741 38
1738337581392 0.82627 39
1738337581395 0.82669 40
