1738337581297 4.49846 1
1738337581299 3.76285 2
1738337581302 3.84253 3
1738337581304 3.77735 4
1738337581307 3.5391500000000002 5
1738337581309 3.3981 6
1738337581312 3.2897999999999996 7
1738337581314 3.2020600000000004 8
1738337581317 3.13525 9
1738337581320 3.06945 10
1738337581322 3.0199800000000003 11
1738337581325 2.97194 12
1738337581327 2.9184200000000002 13
1738337581330 2.8872299999999997 14
1738337581332 2.84424 15
1738337581335 2.81104 16
1738337581337 2.7880599999999998 17
1738337581339 2.73869 18
1738337581342 2.70972 19
1738337581344 2.66896 20
1738337581347 2.63765 21
1738337581349 2.61203 22
1738337581352 2.57128 23
1738337581354 2.54535 24
1738337581357 2.50453 25
1738337581359 2.4795 26
1738337581362 2.43872 27
1738337581364 2.40502 28
1738337581367 2.3816499999999996 29
1738337581369 2.35069 30
1738337581372 2.3234399999999997 31
1738337581374 2.2995200000000002 32
1738337581377 2.2722999999999995 33
1738337581379 2.2516299999999996 34
1738337581382 2.22957 35
1738337581384 2.2145599999999996 36
1738337581387 2.20039 37
1738337581389 2.18591 38
1738337581391 2.18431 39
1738337581394 2.17803 40
