1737836120906 0.7138389103972657 1
1737836120909 0.7106840014047904 2
1737836120911 0.7162531317338163 3
1737836120914 0.7400349753794131 4
1737836120916 0.7584811176780307 5
1737836120918 0.7750104109412546 6
1737836120921 0.7882963876272464 7
1737836120923 0.7857245267186249 8
1737836120926 0.7917716636626039 9
1737836120928 0.7973436622892125 10
1737836120931 0.801837722201805 11
1737836120933 0.8016421383686967 12
1737836120935 0.8041345403951626 13
1737836120938 0.807164418601774 14
1737836120940 0.8100667096973059 15
1737836120943 0.8087364891567456 16
1737836120945 0.8072676716279357 17
1737836120947 0.8081829114017951 18
1737836120950 0.8092704876151433 19
1737836120952 0.8097859354846673 20
1737836120954 0.8108198796844182 21
1737836120957 0.8119702801679037 22
1737836120959 0.8132337393217548 23
1737836120962 0.8143698274941547 24
1737836120964 0.8156287353856713 25
1737836120966 0.8154207413582781 26
1737836120969 0.8171594005199573 27
1737836120971 0.8170967131416825 28
1737836120973 0.8179808260059271 29
1737836120976 0.8180087962363293 30
1737836120978 0.818672785880428 31
1737836120981 0.8172889041079137 32
1737836120983 0.8162961152268413 33
1737836120985 0.8164186061459354 34
1737836120988 0.816861983688503 35
1737836120990 0.8169092760042581 36
1737836120992 0.8170301816958278 37
1737836120995 0.8175552461131184 38
1737836120997 0.8175006998300255 39
1737836121000 0.8170399040743913 40
