1737836120906 0.6709 1
1737836120909 0.68304 2
1737836120911 0.68328 3
1737836120913 0.70158 4
1737836120916 0.72927 5
1737836120918 0.74647 6
1737836120921 0.76096 7
1737836120923 0.76136 8
1737836120925 0.75776 9
1737836120928 0.7648 10
1737836120930 0.77632 11
1737836120933 0.77165 12
1737836120935 0.77882 13
1737836120937 0.77788 14
1737836120940 0.78281 15
1737836120942 0.7815 16
1737836120945 0.78488 17
1737836120947 0.78612 18
1737836120949 0.78801 19
1737836120952 0.79199 20
1737836120954 0.79364 21
1737836120956 0.79435 22
1737836120959 0.79703 23
1737836120961 0.79704 24
1737836120964 0.79905 25
1737836120966 0.80155 26
1737836120968 0.8041 27
1737836120971 0.80488 28
1737836120973 0.80276 29
1737836120975 0.80164 30
1737836120978 0.80251 31
1737836120980 0.79958 32
1737836120983 0.79965 33
1737836120985 0.79915 34
1737836120987 0.80023 35
1737836120990 0.8001 36
1737836120992 0.80245 37
1737836120995 0.80324 38
1737836120997 0.80293 39
1737836120999 0.80272 40
