1737836120905 4.042009999999999 1
1737836120908 3.393 2
1737836120910 3.43652 3
1737836120912 3.37039 4
1737836120915 3.1571000000000002 5
1737836120917 3.0380199999999995 6
1737836120920 2.93778 7
1737836120922 2.8712299999999997 8
1737836120924 2.80448 9
1737836120927 2.76142 10
1737836120929 2.71807 11
1737836120932 2.67359 12
1737836120934 2.64256 13
1737836120937 2.60925 14
1737836120939 2.56879 15
1737836120941 2.54286 16
1737836120944 2.5085800000000003 17
1737836120946 2.47743 18
1737836120948 2.45065 19
1737836120951 2.42476 20
1737836120953 2.3989000000000003 21
1737836120956 2.36502 22
1737836120958 2.34416 23
1737836120960 2.31438 24
1737836120963 2.27996 25
1737836120965 2.25281 26
1737836120967 2.22382 27
1737836120970 2.20078 28
1737836120972 2.1726099999999997 29
1737836120975 2.1451700000000002 30
1737836120977 2.1181900000000002 31
1737836120979 2.10019 32
1737836120982 2.07659 33
1737836120984 2.05315 34
1737836120987 2.03956 35
1737836120989 2.0214 36
1737836120991 2.00976 37
1737836120994 1.9989999999999999 38
1737836120996 1.9899 39
1737836120998 1.9860799999999998 40
