1738337581297 0.84201 1
1738337581300 0.8574 2
1738337581303 0.84291 3
1738337581305 0.83906 4
1738337581308 0.87349 5
1738337581310 0.85604 6
1738337581313 0.88416 7
1738337581315 0.85967 8
1738337581318 0.89091 9
1738337581320 0.88788 10
1738337581323 0.89918 11
1738337581325 0.88617 12
1738337581328 0.90316 13
1738337581330 0.91935 14
1738337581333 0.91051 15
1738337581335 0.89599 16
1738337581338 0.89703 17
1738337581340 0.91102 18
1738337581343 0.91305 19
1738337581345 0.91276 20
1738337581347 0.9173 21
1738337581350 0.91484 22
1738337581352 0.91429 23
1738337581355 0.91452 24
1738337581357 0.91365 25
1738337581360 0.90809 26
1738337581362 0.91296 27
1738337581365 0.90923 28
1738337581367 0.90701 29
1738337581370 0.90334 30
1738337581372 0.89939 31
1738337581375 0.89476 32
1738337581377 0.89603 33
1738337581380 0.89149 34
1738337581382 0.8901 35
1738337581385 0.88888 36
1738337581387 0.88954 37
1738337581390 0.89218 38
1738337581392 0.89181 39
1738337581395 0.88933 40
