1737817463557 0.32400840090442196 1
1737817463559 0.43633434475868604 2
1737817463561 0.583339023784894 3
1737817463563 0.5936399489403711 4
1737817463565 0.6169960418553588 5
1737817463567 0.6239592175825728 6
1737817463569 0.6555689430216647 7
1737817463571 0.6592431582544686 8
1737817463573 0.6624168263843704 9
1737817463575 0.6686897562682668 10
1737817463577 0.6773102344354468 11
1737817463578 0.6722950957212992 12
1737817463580 0.6693916917636845 13
1737817463582 0.6789070635279526 14
1737817463584 0.6784575158974013 15
1737817463586 0.6730185209281829 16
1737817463588 0.6829296887811424 17
1737817463590 0.6730494037382677 18
1737817463592 0.684915685630565 19
1737817463594 0.6878677516359781 20
1737817463595 0.6887563640678083 21
1737817463597 0.683549513274644 22
