1737817463557 0.4129051868451296 1
1737817463559 0.3623429219919829 2
1737817463561 0.5078866090514509 3
1737817463563 0.5038368551896706 4
1737817463565 0.5655758504159172 5
1737817463567 0.575518200406937 6
1737817463569 0.6122199158699313 7
1737817463571 0.6290740041543135 8
1737817463573 0.5981853402617483 9
1737817463574 0.6356090755662511 10
1737817463576 0.643289444653004 11
1737817463578 0.6460952799842494 12
1737817463580 0.62873836930775 13
1737817463582 0.6418139110835805 14
1737817463584 0.6578583365397109 15
1737817463586 0.6450979135930133 16
1737817463588 0.6453171110424044 17
1737817463590 0.6467679893978981 18
1737817463591 0.6651893934349464 19
1737817463593 0.656539012646865 20
1737817463595 0.6652565204042591 21
1737817463597 0.6522974160256011 22
