1737817463556 0.26660865554613844 1
1737817463559 0.5482983853737449 2
1737817463561 0.6851217656012176 3
1737817463563 0.7223992650975182 4
1737817463564 0.678701196774274 5
1737817463566 0.6813041760391594 6
1737817463569 0.7055245242870596 7
1737817463570 0.6924517863513249 8
1737817463572 0.7421016472007641 9
1737817463574 0.7054029012492654 10
1737817463576 0.7151303798163393 11
1737817463578 0.7007095762986183 12
1737817463580 0.715665604763635 13
1737817463582 0.720550752525287 14
1737817463584 0.7003884177903525 15
1737817463586 0.7034653401187154 16
1737817463587 0.7251981672960746 17
1737817463589 0.7015571764480062 18
1737817463591 0.7058477062498215 19
1737817463593 0.7223362019446312 20
1737817463595 0.7139772421116024 21
1737817463597 0.7179469319774825 22
