1737817463554 6.133960095318881 1
1737817463558 4.093808986923912 2
1737817463560 3.626418422568928 3
1737817463562 3.355710885741494 4
1737817463564 3.155232299457897 5
1737817463566 2.990642715584148 6
1737817463568 2.872114360332489 7
1737817463570 2.7187487320466475 8
1737817463572 2.600203649564223 9
1737817463574 2.49800152128393 10
1737817463576 2.387192417274822 11
1737817463578 2.302257093516263 12
1737817463579 2.2061071531339125 13
1737817463581 2.135190923105587 14
1737817463583 2.075720464641398 15
1737817463585 2.0084680074995216 16
1737817463587 1.9376213740218768 17
1737817463589 1.8685898049311205 18
1737817463591 1.8235070759599858 19
1737817463593 1.7608351544900374 20
1737817463594 1.718519164757295 21
1737817463596 1.6730180057612332 22
