1739309033431 0.7743354597944494 1
1739309033434 0.7948235771136807 2
1739309033436 0.7796312772144635 3
1739309033439 0.8012933129078862 4
1739309033441 0.8235099829947412 5
1739309033444 0.8214679734081987 6
1739309033446 0.8388347696021021 7
1739309033449 0.8285208091753958 8
1739309033452 0.8477233233300381 9
1739309033454 0.8485518722213073 10
1739309033457 0.8546101270550883 11
1739309033459 0.8519313421745067 12
1739309033462 0.8597765854960459 13
1739309033464 0.8668934835723935 14
1739309033467 0.8665503685922344 15
1739309033469 0.857548563430447 16
1739309033472 0.8605060534727096 17
1739309033474 0.8680111013276625 18
1739309033477 0.869689146508653 19
1739309033479 0.8672264636124178 20
1739309033482 0.8674061679578841 21
1739309033485 0.8668699942479812 22
1739309033487 0.8663461725382309 23
1739309033490 0.8666211066679709 24
1739309033492 0.8670483952790142 25
1739309033495 0.8680871620821476 26
1739309033498 0.867074115982376 27
1739309033500 0.8682365036982547 28
1739309033503 0.8659955924957075 29
1739309033505 0.8646619271572872 30
1739309033508 0.8629403358554307 31
1739309033510 0.8611426893640707 32
1739309033513 0.8609698088810029 33
1739309033516 0.8591638437977669 34
1739309033518 0.8585714186005933 35
1739309033521 0.8573069956546558 36
1739309033523 0.8573723469560103 37
1739309033526 0.8585751880390092 38
1739309033528 0.8577899151378282 39
1739309033531 0.8568667238144078 40
