1739309033430 0.84201 1
1739309033433 0.8574 2
1739309033436 0.84291 3
1739309033438 0.83906 4
1739309033441 0.87349 5
1739309033443 0.85604 6
1739309033446 0.88416 7
1739309033448 0.85967 8
1739309033451 0.89091 9
1739309033454 0.88788 10
1739309033456 0.89918 11
1739309033459 0.88617 12
1739309033461 0.90316 13
1739309033464 0.91935 14
1739309033466 0.91051 15
1739309033469 0.89599 16
1739309033471 0.89703 17
1739309033474 0.91102 18
1739309033476 0.91305 19
1739309033479 0.91276 20
1739309033482 0.9173 21
1739309033484 0.91484 22
1739309033487 0.91429 23
1739309033489 0.91452 24
1739309033492 0.91365 25
1739309033494 0.90809 26
1739309033497 0.91296 27
1739309033500 0.90923 28
1739309033502 0.90701 29
1739309033505 0.90334 30
1739309033507 0.89939 31
1739309033510 0.89476 32
1739309033512 0.89603 33
1739309033515 0.89149 34
1739309033518 0.8901 35
1739309033520 0.88888 36
1739309033523 0.88954 37
1739309033525 0.89218 38
1739309033528 0.89181 39
1739309033530 0.88933 40
