1739309033431 0.71673 1
1739309033433 0.74076 2
1739309033436 0.72519 3
1739309033438 0.76678 4
1739309033441 0.77894 5
1739309033443 0.78958 6
1739309033446 0.79793 7
1739309033449 0.79955 8
1739309033451 0.80853 9
1739309033454 0.81256 10
1739309033456 0.81425 11
1739309033459 0.82024 12
1739309033461 0.82037 13
1739309033464 0.8201 14
1739309033467 0.82664 15
1739309033469 0.82227 16
1739309033472 0.82684 17
1739309033474 0.82888 18
1739309033477 0.83026 19
1739309033479 0.82602 20
1739309033482 0.82266 21
1739309033485 0.82368 22
1739309033487 0.82318 23
1739309033490 0.82349 24
1739309033492 0.82497 25
1739309033495 0.83146 26
1739309033497 0.82558 27
1739309033500 0.83078 28
1739309033503 0.82853 29
1739309033505 0.82916 30
1739309033508 0.82933 31
1739309033510 0.82996 32
1739309033513 0.82855 33
1739309033515 0.8291 34
1739309033518 0.8292 35
1739309033520 0.8279 36
1739309033523 0.82745 37
1739309033525 0.82741 38
1739309033528 0.82627 39
1739309033530 0.82669 40
