1739309033429 4.49846 1
1739309033432 3.76285 2
1739309033435 3.84253 3
1739309033437 3.77735 4
1739309033440 3.5391500000000002 5
1739309033443 3.3981 6
1739309033445 3.2897999999999996 7
1739309033448 3.2020600000000004 8
1739309033450 3.13525 9
1739309033453 3.06945 10
1739309033455 3.0199800000000003 11
1739309033458 2.97194 12
1739309033460 2.9184200000000002 13
1739309033463 2.8872299999999997 14
1739309033466 2.84424 15
1739309033468 2.81104 16
1739309033471 2.7880599999999998 17
1739309033473 2.73869 18
1739309033476 2.70972 19
1739309033478 2.66896 20
1739309033481 2.63765 21
1739309033484 2.61203 22
1739309033486 2.57128 23
1739309033489 2.54535 24
1739309033491 2.50453 25
1739309033494 2.4795 26
1739309033496 2.43872 27
1739309033499 2.40502 28
1739309033502 2.3816499999999996 29
1739309033504 2.35069 30
1739309033507 2.3234399999999997 31
1739309033509 2.2995200000000002 32
1739309033512 2.2722999999999995 33
1739309033514 2.2516299999999996 34
1739309033517 2.22957 35
1739309033519 2.2145599999999996 36
1739309033522 2.20039 37
1739309033524 2.18591 38
1739309033527 2.18431 39
1739309033529 2.17803 40
