1747066588176 0.50709 1
1747066588179 0.61799 2
1747066588181 0.67226 3
1747066588184 0.72834 4
1747066588187 0.82001 5
1747066588190 0.78093 6
1747066588193 0.79385 7
1747066588196 0.71829 8
1747066588199 0.80799 9
1747066588201 0.82351 10
1747066588204 0.83414 11
1747066588207 0.87545 12
1747066588210 0.79895 13
1747066588213 0.79965 14
1747066588216 0.82905 15
1747066588218 0.8326 16
1747066588221 0.84492 17
1747066588224 0.79689 18
1747066588227 0.82806 19
1747066588230 0.832 20
1747066588232 0.7884 21
1747066588235 0.80956 22
1747066588238 0.81261 23
