1747066588175 6.56794 1
1747066588178 3.90336 2
1747066588181 3.48394 3
1747066588183 3.30415 4
1747066588186 3.30467 5
1747066588189 3.21846 6
1747066588192 3.18457 7
1747066588195 3.1688799999999997 8
1747066588198 3.15735 9
1747066588201 3.1257 10
1747066588203 3.0583500000000003 11
1747066588206 3.0328999999999997 12
1747066588209 2.96831 13
1747066588212 2.9907399999999997 14
1747066588215 3.04564 15
1747066588218 2.94347 16
1747066588220 2.9732900000000004 17
1747066588223 2.95175 18
1747066588226 2.89932 19
1747066588229 2.86021 20
1747066588232 2.8238 21
1747066588234 2.86822 22
1747066588237 2.84788 23
