1739312981378 0.7743354597944494 1
1739312981380 0.7948235771136807 2
1739312981383 0.7796312772144635 3
1739312981385 0.8012933129078862 4
1739312981388 0.8235099829947412 5
1739312981390 0.8214679734081987 6
1739312981393 0.8388347696021021 7
1739312981395 0.8285208091753958 8
1739312981397 0.8477233233300381 9
1739312981400 0.8485518722213073 10
1739312981402 0.8546101270550883 11
1739312981405 0.8519313421745067 12
1739312981407 0.8597765854960459 13
1739312981410 0.8668934835723935 14
1739312981412 0.8665503685922344 15
1739312981415 0.857548563430447 16
1739312981417 0.8605060534727096 17
1739312981420 0.8680111013276625 18
1739312981422 0.869689146508653 19
1739312981425 0.8672264636124178 20
1739312981427 0.8674061679578841 21
1739312981429 0.8668699942479812 22
1739312981432 0.8663461725382309 23
1739312981434 0.8666211066679709 24
1739312981437 0.8670483952790142 25
1739312981439 0.8680871620821476 26
1739312981442 0.867074115982376 27
1739312981444 0.8682365036982547 28
1739312981447 0.8659955924957075 29
1739312981449 0.8646619271572872 30
1739312981452 0.8629403358554307 31
1739312981454 0.8611426893640707 32
1739312981457 0.8609698088810029 33
1739312981459 0.8591638437977669 34
1739312981462 0.8585714186005933 35
1739312981464 0.8573069956546558 36
1739312981466 0.8573723469560103 37
1739312981469 0.8585751880390092 38
1739312981471 0.8577899151378282 39
1739312981474 0.8568667238144078 40
