1739312981377 0.84201 1
1739312981380 0.8574 2
1739312981382 0.84291 3
1739312981385 0.83906 4
1739312981387 0.87349 5
1739312981390 0.85604 6
1739312981392 0.88416 7
1739312981394 0.85967 8
1739312981397 0.89091 9
1739312981399 0.88788 10
1739312981402 0.89918 11
1739312981404 0.88617 12
1739312981407 0.90316 13
1739312981409 0.91935 14
1739312981411 0.91051 15
1739312981414 0.89599 16
1739312981417 0.89703 17
1739312981419 0.91102 18
1739312981422 0.91305 19
1739312981424 0.91276 20
1739312981426 0.9173 21
1739312981429 0.91484 22
1739312981431 0.91429 23
1739312981434 0.91452 24
1739312981436 0.91365 25
1739312981439 0.90809 26
1739312981441 0.91296 27
1739312981444 0.90923 28
1739312981446 0.90701 29
1739312981449 0.90334 30
1739312981451 0.89939 31
1739312981454 0.89476 32
1739312981456 0.89603 33
1739312981459 0.89149 34
1739312981461 0.8901 35
1739312981463 0.88888 36
1739312981466 0.88954 37
1739312981468 0.89218 38
1739312981471 0.89181 39
1739312981473 0.88933 40
