1739312981376 4.49846 1
1739312981379 3.76285 2
1739312981381 3.84253 3
1739312981384 3.77735 4
1739312981386 3.5391500000000002 5
1739312981389 3.3981 6
1739312981391 3.2897999999999996 7
1739312981394 3.2020600000000004 8
1739312981396 3.13525 9
1739312981399 3.06945 10
1739312981401 3.0199800000000003 11
1739312981404 2.97194 12
1739312981406 2.9184200000000002 13
1739312981408 2.8872299999999997 14
1739312981411 2.84424 15
1739312981413 2.81104 16
1739312981416 2.7880599999999998 17
1739312981418 2.73869 18
1739312981421 2.70972 19
1739312981423 2.66896 20
1739312981426 2.63765 21
1739312981428 2.61203 22
1739312981431 2.57128 23
1739312981433 2.54535 24
1739312981436 2.50453 25
1739312981438 2.4795 26
1739312981441 2.43872 27
1739312981443 2.40502 28
1739312981446 2.3816499999999996 29
1739312981448 2.35069 30
1739312981450 2.3234399999999997 31
1739312981453 2.2995200000000002 32
1739312981455 2.2722999999999995 33
1739312981458 2.2516299999999996 34
1739312981460 2.22957 35
1739312981463 2.2145599999999996 36
1739312981465 2.20039 37
1739312981468 2.18591 38
1739312981470 2.18431 39
1739312981473 2.17803 40
