1738322522656 4.88526 1
1738322522659 3.30593 2
1738322522662 3.05793 3
1738322522665 2.92342 4
1738322522667 2.77453 5
1738322522670 2.67291 6
1738322522673 2.61425 7
1738322522676 2.55968 8
1738322522678 2.50512 9
1738322522681 2.46884 10
1738322522684 2.42638 11
1738322522687 2.3944900000000002 12
1738322522689 2.36076 13
1738322522692 2.33226 14
1738322522695 2.2984999999999998 15
1738322522697 2.2683400000000002 16
1738322522700 2.2404200000000003 17
1738322522703 2.21251 18
1738322522706 2.18523 19
1738322522708 2.15767 20
