1738537380876 0.8418499827384949 1
1738537380885 0.44970905780792236 2
1738537380889 0.34383514523506165 3
1738537380892 0.29983827471733093 4
1738537380894 0.2706693410873413 5
1738537380897 0.25227898359298706 6
1738537380900 0.23844507336616516 7
1738537380902 0.22901810705661774 8
1738537380905 0.22159533202648163 9
1738537380908 0.21541690826416016 10
1738537380910 0.20936669409275055 11
1738537380913 0.20301087200641632 12
1738537380916 0.19895704090595245 13
1738537380918 0.19406439363956451 14
