1737861673759 0.69574 1
1737861673762 0.80483 2
1737861673765 0.84324 3
1737861673767 0.79609 4
1737861673769 0.82556 5
1737861673772 0.83683 6
1737861673774 0.84456 7
1737861673777 0.84584 8
1737861673779 0.84529 9
1737861673782 0.85013 10
1737861673784 0.85563 11
1737861673787 0.85836 12
1737861673789 0.85818 13
1737861673792 0.85777 14
1737861673794 0.85767 15
1737861673797 0.85762 16
1737861673799 0.85893 17
1737861673802 0.86 18
1737861673804 0.85733 19
1737861673806 0.85461 20
1737861673809 0.85045 21
1737861673811 0.84989 22
1737861673813 0.84826 23
1737861673816 0.84585 24
1737861673818 0.8439 25
