1737861673758 4.8384 1
1737861673761 3.2677199999999997 2
1737861673764 3.01614 3
1737861673766 2.87893 4
1737861673768 2.7417300000000004 5
1737861673771 2.65133 6
1737861673773 2.5856399999999997 7
1737861673776 2.52868 8
1737861673778 2.48454 9
1737861673781 2.44814 10
1737861673783 2.4104900000000002 11
1737861673786 2.3762499999999998 12
1737861673788 2.34432 13
1737861673791 2.31248 14
1737861673793 2.27975 15
1737861673796 2.25338 16
1737861673798 2.22512 17
1737861673801 2.19867 18
1737861673803 2.17254 19
1737861673805 2.14677 20
1737861673808 2.12783 21
1737861673810 2.10357 22
1737861673812 2.08042 23
1737861673815 2.05874 24
1737861673817 2.04512 25
