1739392351147 0.71673 1
1739392351150 0.74076 2
1739392351152 0.72519 3
1739392351155 0.76678 4
1739392351158 0.77894 5
1739392351161 0.78958 6
1739392351164 0.79793 7
1739392351166 0.79955 8
1739392351169 0.80853 9
1739392351172 0.81256 10
1739392351174 0.81425 11
1739392351177 0.82024 12
1739392351180 0.82037 13
1739392351183 0.8201 14
1739392351185 0.82664 15
1739392351188 0.82227 16
1739392351191 0.82684 17
1739392351193 0.82888 18
1739392351196 0.83026 19
1739392351199 0.82602 20
1739392351202 0.82266 21
1739392351204 0.82368 22
1739392351207 0.82318 23
1739392351210 0.82349 24
1739392351212 0.82497 25
1739392351215 0.83146 26
1739392351218 0.82558 27
1739392351220 0.83078 28
1739392351223 0.82853 29
1739392351226 0.82916 30
1739392351228 0.82933 31
1739392351231 0.82996 32
1739392351234 0.82855 33
1739392351237 0.8291 34
1739392351239 0.8292 35
1739392351242 0.8279 36
1739392351245 0.82745 37
1739392351247 0.82741 38
1739392351250 0.82627 39
1739392351253 0.82669 40
