1739312981377 0.71673 1
1739312981380 0.74076 2
1739312981382 0.72519 3
1739312981385 0.76678 4
1739312981387 0.77894 5
1739312981390 0.78958 6
1739312981392 0.79793 7
1739312981395 0.79955 8
1739312981397 0.80853 9
1739312981400 0.81256 10
1739312981402 0.81425 11
1739312981405 0.82024 12
1739312981407 0.82037 13
1739312981409 0.8201 14
1739312981412 0.82664 15
1739312981414 0.82227 16
1739312981417 0.82684 17
1739312981419 0.82888 18
1739312981422 0.83026 19
1739312981424 0.82602 20
1739312981427 0.82266 21
1739312981429 0.82368 22
1739312981432 0.82318 23
1739312981434 0.82349 24
1739312981437 0.82497 25
1739312981439 0.83146 26
1739312981442 0.82558 27
1739312981444 0.83078 28
1739312981446 0.82853 29
1739312981449 0.82916 30
1739312981451 0.82933 31
1739312981454 0.82996 32
1739312981456 0.82855 33
1739312981459 0.8291 34
1739312981461 0.8292 35
1739312981464 0.8279 36
1739312981466 0.82745 37
1739312981469 0.82741 38
1739312981471 0.82627 39
1739312981474 0.82669 40
