1737992932086 0.17169272436844107 1
1737992932088 0.3259018383334686 2
1737992932090 0.3768709945293338 3
1737992932093 0.44211108064142224 4
1737992932095 0.508218064171314 5
1737992932097 0.56967319451207 6
1737992932099 0.6119966886470335 7
1737992932101 0.6155231636932443 8
1737992932104 0.6291018790316228 9
1737992932106 0.6411471851038314 10
1737992932108 0.657394292046721 11
1737992932110 0.6610227036837056 12
1737992932112 0.6616607397587557 13
1737992932115 0.6593083001319012 14
1737992932117 0.6591748269471278 15
1737992932119 0.6636731691179595 16
1737992932121 0.6658747109769202 17
