1739392912562 4.49846 1
1739392912564 3.76285 2
1739392912567 3.84253 3
1739392912569 3.77735 4
1739392912571 3.5391500000000002 5
1739392912574 3.3981 6
1739392912576 3.2897999999999996 7
1739392912579 3.2020600000000004 8
1739392912581 3.13525 9
1739392912583 3.06945 10
1739392912586 3.0199800000000003 11
1739392912588 2.97194 12
1739392912590 2.9184200000000002 13
1739392912593 2.8872299999999997 14
1739392912595 2.84424 15
1739392912598 2.81104 16
1739392912600 2.7880599999999998 17
1739392912602 2.73869 18
1739392912605 2.70972 19
1739392912607 2.66896 20
1739392912609 2.63765 21
1739392912612 2.61203 22
1739392912614 2.57128 23
1739392912616 2.54535 24
1739392912619 2.50453 25
1739392912621 2.4795 26
1739392912623 2.43872 27
1739392912626 2.40502 28
1739392912628 2.3816499999999996 29
1739392912630 2.35069 30
1739392912633 2.3234399999999997 31
1739392912635 2.2995200000000002 32
1739392912638 2.2722999999999995 33
1739392912640 2.2516299999999996 34
1739392912642 2.22957 35
1739392912645 2.2145599999999996 36
1739392912647 2.20039 37
1739392912649 2.18591 38
1739392912652 2.18431 39
1739392912654 2.17803 40
