1739392912563 0.7743354597944494 1
1739392912565 0.7948235771136807 2
1739392912568 0.7796312772144635 3
1739392912570 0.8012933129078862 4
1739392912573 0.8235099829947412 5
1739392912575 0.8214679734081987 6
1739392912577 0.8388347696021021 7
1739392912580 0.8285208091753958 8
1739392912582 0.8477233233300381 9
1739392912585 0.8485518722213073 10
1739392912587 0.8546101270550883 11
1739392912589 0.8519313421745067 12
1739392912592 0.8597765854960459 13
1739392912594 0.8668934835723935 14
1739392912596 0.8665503685922344 15
1739392912599 0.857548563430447 16
1739392912601 0.8605060534727096 17
1739392912603 0.8680111013276625 18
1739392912606 0.869689146508653 19
1739392912608 0.8672264636124178 20
1739392912610 0.8674061679578841 21
1739392912613 0.8668699942479812 22
1739392912615 0.8663461725382309 23
1739392912617 0.8666211066679709 24
1739392912620 0.8670483952790142 25
1739392912622 0.8680871620821476 26
1739392912624 0.867074115982376 27
1739392912627 0.8682365036982547 28
1739392912629 0.8659955924957075 29
1739392912632 0.8646619271572872 30
1739392912634 0.8629403358554307 31
1739392912636 0.8611426893640707 32
1739392912639 0.8609698088810029 33
1739392912641 0.8591638437977669 34
1739392912644 0.8585714186005933 35
1739392912646 0.8573069956546558 36
1739392912648 0.8573723469560103 37
1739392912651 0.8585751880390092 38
1739392912653 0.8577899151378282 39
1739392912655 0.8568667238144078 40
