1739392912562 0.84201 1
1739392912565 0.8574 2
1739392912567 0.84291 3
1739392912570 0.83906 4
1739392912572 0.87349 5
1739392912574 0.85604 6
1739392912577 0.88416 7
1739392912579 0.85967 8
1739392912582 0.89091 9
1739392912584 0.88788 10
1739392912586 0.89918 11
1739392912589 0.88617 12
1739392912591 0.90316 13
1739392912593 0.91935 14
1739392912596 0.91051 15
1739392912598 0.89599 16
1739392912600 0.89703 17
1739392912603 0.91102 18
1739392912605 0.91305 19
1739392912608 0.91276 20
1739392912610 0.9173 21
1739392912612 0.91484 22
1739392912614 0.91429 23
1739392912617 0.91452 24
1739392912619 0.91365 25
1739392912622 0.90809 26
1739392912624 0.91296 27
1739392912626 0.90923 28
1739392912629 0.90701 29
1739392912631 0.90334 30
1739392912633 0.89939 31
1739392912636 0.89476 32
1739392912638 0.89603 33
1739392912641 0.89149 34
1739392912643 0.8901 35
1739392912645 0.88888 36
1739392912648 0.88954 37
1739392912650 0.89218 38
1739392912652 0.89181 39
1739392912655 0.88933 40
