1739392912563 0.71673 1
1739392912565 0.74076 2
1739392912568 0.72519 3
1739392912570 0.76678 4
1739392912572 0.77894 5
1739392912575 0.78958 6
1739392912577 0.79793 7
1739392912580 0.79955 8
1739392912582 0.80853 9
1739392912584 0.81256 10
1739392912587 0.81425 11
1739392912589 0.82024 12
1739392912591 0.82037 13
1739392912594 0.8201 14
1739392912596 0.82664 15
1739392912598 0.82227 16
1739392912601 0.82684 17
1739392912603 0.82888 18
1739392912605 0.83026 19
1739392912608 0.82602 20
1739392912610 0.82266 21
1739392912612 0.82368 22
1739392912615 0.82318 23
1739392912617 0.82349 24
1739392912620 0.82497 25
1739392912622 0.83146 26
1739392912624 0.82558 27
1739392912627 0.83078 28
1739392912629 0.82853 29
1739392912631 0.82916 30
1739392912634 0.82933 31
1739392912636 0.82996 32
1739392912639 0.82855 33
1739392912641 0.8291 34
1739392912643 0.8292 35
1739392912646 0.8279 36
1739392912648 0.82745 37
1739392912650 0.82741 38
1739392912653 0.82627 39
1739392912655 0.82669 40
