1737992932085 0.1144651211769383 1
1737992932088 0.7804752066115702 2
1737992932090 0.7774855205331936 3
1737992932092 0.8631777901716553 4
1737992932094 0.8667127868096391 5
1737992932097 0.840582601755786 6
1737992932099 0.8355000373301478 7
1737992932101 0.8501826781465956 8
1737992932103 0.8228926841350859 9
1737992932105 0.8213989283705145 10
1737992932108 0.8248760482340699 11
1737992932110 0.8079102122776822 12
1737992932112 0.813255390702275 13
1737992932114 0.8057267131376582 14
1737992932116 0.8058739722451821 15
1737992932118 0.7978031230028639 16
1737992932121 0.7933297400613795 17
