1737992932086 0.3433557077900038 1
1737992932088 0.20595004097804534 2
1737992932090 0.24871549934726672 3
1737992932092 0.29715561615179265 4
1737992932095 0.359513871167329 5
1737992932097 0.4308239484551259 6
1737992932099 0.4828343921877885 7
1737992932101 0.482380880223531 8
1737992932103 0.5091882963679091 9
1737992932106 0.5257697375785413 10
1737992932108 0.5464448441268581 11
1737992932110 0.5593299828637265 12
1737992932112 0.5577023788142246 13
1737992932114 0.5579215762636157 14
1737992932116 0.5576599070588417 15
1737992932119 0.568152950149317 16
1737992932121 0.5737043325149722 17
