1737992932084 6.418587597933683 1
1737992932087 4.172527681697499 2
1737992932089 3.485455025326122 3
1737992932092 3.087188471447338 4
1737992932094 2.7792753631418403 5
1737992932096 2.5122598463838752 6
1737992932098 2.293732063336806 7
1737992932100 2.1112835244698958 8
1737992932103 1.9401288899508389 9
1737992932105 1.818418188528581 10
1737992932107 1.6913240579041569 11
1737992932109 1.5879831341179935 12
1737992932111 1.4826865602623334 13
1737992932114 1.395120601762425 14
1737992932116 1.3128890828652815 15
1737992932118 1.2453673969615588 16
1737992932120 1.1859076348218052 17
