1737861673760 0.7162566047316148 1
1737861673762 0.8210417331912951 2
1737861673765 0.8587590319539026 3
1737861673767 0.8240148567930863 4
1737861673770 0.8568521668599265 5
1737861673772 0.8618442433762454 6
1737861673775 0.8743926276292568 7
1737861673777 0.8777860866399709 8
1737861673780 0.8782709265469923 9
1737861673782 0.8814889513872368 10
1737861673784 0.8833611241787197 11
1737861673787 0.8847950087790116 12
1737861673790 0.8852953038886006 13
1737861673792 0.8862003850424098 14
1737861673795 0.8857869981054198 15
1737861673797 0.885297023763851 16
1737861673799 0.8850366317286689 17
1737861673802 0.8855195757644139 18
1737861673804 0.8857131599158664 19
1737861673807 0.8837745604963805 20
1737861673809 0.8824489391196108 21
1737861673811 0.8821936506050009 22
1737861673814 0.8817070412646646 23
1737861673816 0.8805551284522244 24
1737861673818 0.8791485411923673 25
