1737861673759 0.73802 1
1737861673762 0.83792 2
1737861673764 0.87486 3
1737861673767 0.85397 4
1737861673769 0.89061 5
1737861673772 0.8884 6
1737861673774 0.90641 7
1737861673776 0.91224 8
1737861673779 0.91393 9
1737861673781 0.91525 10
1737861673784 0.91295 11
1737861673786 0.91291 12
1737861673789 0.91418 13
1737861673791 0.91658 14
1737861673794 0.91581 15
1737861673796 0.91482 16
1737861673799 0.91278 17
1737861673801 0.9126 18
1737861673804 0.91604 19
1737861673806 0.915 20
1737861673808 0.91695 21
1737861673811 0.91705 22
1737861673813 0.9179 23
1737861673815 0.91823 24
1737861673818 0.91747 25
