1747066588176 0.5086203674612927 1
1747066588179 0.5980038877102718 2
1747066588182 0.7042333763087428 3
1747066588185 0.7425185088852989 4
1747066588188 0.8081149168919378 5
1747066588191 0.8199525117243812 6
1747066588193 0.7987495724730214 7
1747066588196 0.8003743387199201 8
1747066588199 0.8399580807702594 9
1747066588202 0.819813481453472 10
1747066588205 0.830135870771121 11
1747066588208 0.8477877049614968 12
1747066588211 0.8325086207103288 13
1747066588213 0.8053145867350422 14
1747066588216 0.8401591180635718 15
1747066588219 0.8501759745107607 16
1747066588222 0.8716000531823443 17
1747066588225 0.8274512176137666 18
1747066588227 0.8193442171740285 19
1747066588230 0.839015344277925 20
1747066588233 0.8294097684149772 21
1747066588236 0.8307788758044143 22
1747066588239 0.835831869362773 23
