1747066588176 0.51016 1
1747066588179 0.57927 2
1747066588182 0.7394 3
1747066588185 0.75726 4
1747066588187 0.79656 5
1747066588190 0.86308 6
1747066588193 0.80371 7
1747066588196 0.90364 8
1747066588199 0.87456 9
1747066588202 0.81615 10
1747066588205 0.82617 11
1747066588207 0.82182 12
1747066588210 0.86901 13
1747066588213 0.81106 14
1747066588216 0.85157 15
1747066588219 0.86851 16
1747066588221 0.90002 17
1747066588224 0.86045 18
1747066588227 0.81081 19
1747066588230 0.84615 20
1747066588233 0.87492 21
1747066588235 0.85314 22
1747066588238 0.86042 23
