1738322522658 0.7394942232186874 1
1738322522661 0.8277165985121131 2
1738322522663 0.8618950821668387 3
1738322522666 0.8589784546258789 4
1738322522669 0.8769038322540929 5
1738322522672 0.8614522907126378 6
1738322522674 0.8654681744098806 7
1738322522677 0.8761264420073417 8
1738322522680 0.8742520388504736 9
1738322522682 0.8750570065427332 10
1738322522685 0.8742038387080194 11
1738322522688 0.8759250169240412 12
1738322522691 0.8729254758502429 13
1738322522693 0.8689648621168478 14
1738322522696 0.866593136933423 15
1738322522699 0.8646411894565136 16
1738322522702 0.8646843882731952 17
1738322522704 0.8637538400922988 18
1738322522707 0.8649594060078916 19
1738322522710 0.8638204382205867 20
