1737836120906 0.76265 1
1737836120908 0.74066 2
1737836120911 0.75257 3
1737836120913 0.78295 4
1737836120915 0.79013 5
1737836120918 0.80582 6
1737836120920 0.81767 7
1737836120923 0.8117 8
1737836120925 0.82898 9
1737836120928 0.83278 10
1737836120930 0.82909 11
1737836120932 0.83406 12
1737836120935 0.83115 13
1737836120937 0.83874 14
1737836120940 0.83929 15
1737836120942 0.83794 16
1737836120944 0.83097 17
1737836120947 0.83152 18
1737836120949 0.83171 19
1737836120951 0.8284 20
1737836120954 0.82876 21
1737836120956 0.83039 22
1737836120959 0.83011 23
1737836120961 0.83247 24
1737836120963 0.83291 25
1737836120966 0.82978 26
1737836120968 0.83065 27
1737836120970 0.82969 28
1737836120973 0.83379 29
1737836120975 0.83506 30
1737836120978 0.8355 31
1737836120980 0.8358 32
1737836120982 0.83365 33
1737836120985 0.83445 34
1737836120987 0.8342 35
1737836120990 0.83444 36
1737836120992 0.83215 37
1737836120994 0.83239 38
1737836120997 0.83261 39
1737836120999 0.83188 40
