1739392351147 0.7743354597944494 1
1739392351150 0.7948235771136807 2
1739392351153 0.7796312772144635 3
1739392351156 0.8012933129078862 4
1739392351158 0.8235099829947412 5
1739392351161 0.8214679734081987 6
1739392351164 0.8388347696021021 7
1739392351167 0.8285208091753958 8
1739392351169 0.8477233233300381 9
1739392351172 0.8485518722213073 10
1739392351175 0.8546101270550883 11
1739392351178 0.8519313421745067 12
1739392351180 0.8597765854960459 13
1739392351183 0.8668934835723935 14
1739392351186 0.8665503685922344 15
1739392351188 0.857548563430447 16
1739392351191 0.8605060534727096 17
1739392351194 0.8680111013276625 18
1739392351197 0.869689146508653 19
1739392351199 0.8672264636124178 20
1739392351202 0.8674061679578841 21
1739392351205 0.8668699942479812 22
1739392351207 0.8663461725382309 23
1739392351210 0.8666211066679709 24
1739392351213 0.8670483952790142 25
1739392351215 0.8680871620821476 26
1739392351218 0.867074115982376 27
1739392351221 0.8682365036982547 28
1739392351223 0.8659955924957075 29
1739392351226 0.8646619271572872 30
1739392351229 0.8629403358554307 31
1739392351231 0.8611426893640707 32
1739392351234 0.8609698088810029 33
1739392351237 0.8591638437977669 34
1739392351240 0.8585714186005933 35
1739392351242 0.8573069956546558 36
1739392351245 0.8573723469560103 37
1739392351248 0.8585751880390092 38
1739392351250 0.8577899151378282 39
1739392351253 0.8568667238144078 40
