1739392351147 0.84201 1
1739392351149 0.8574 2
1739392351152 0.84291 3
1739392351155 0.83906 4
1739392351158 0.87349 5
1739392351160 0.85604 6
1739392351163 0.88416 7
1739392351166 0.85967 8
1739392351169 0.89091 9
1739392351171 0.88788 10
1739392351174 0.89918 11
1739392351177 0.88617 12
1739392351180 0.90316 13
1739392351182 0.91935 14
1739392351185 0.91051 15
1739392351188 0.89599 16
1739392351190 0.89703 17
1739392351193 0.91102 18
1739392351196 0.91305 19
1739392351199 0.91276 20
1739392351201 0.9173 21
1739392351204 0.91484 22
1739392351207 0.91429 23
1739392351209 0.91452 24
1739392351212 0.91365 25
1739392351215 0.90809 26
1739392351217 0.91296 27
1739392351220 0.90923 28
1739392351223 0.90701 29
1739392351225 0.90334 30
1739392351228 0.89939 31
1739392351231 0.89476 32
1739392351234 0.89603 33
1739392351236 0.89149 34
1739392351239 0.8901 35
1739392351242 0.88888 36
1739392351244 0.88954 37
1739392351247 0.89218 38
1739392351250 0.89181 39
1739392351252 0.88933 40
