1739392351146 4.49846 1
1739392351149 3.76285 2
1739392351151 3.84253 3
1739392351154 3.77735 4
1739392351157 3.5391500000000002 5
1739392351160 3.3981 6
1739392351162 3.2897999999999996 7
1739392351165 3.2020600000000004 8
1739392351168 3.13525 9
1739392351171 3.06945 10
1739392351173 3.0199800000000003 11
1739392351176 2.97194 12
1739392351179 2.9184200000000002 13
1739392351182 2.8872299999999997 14
1739392351184 2.84424 15
1739392351187 2.81104 16
1739392351190 2.7880599999999998 17
1739392351192 2.73869 18
1739392351195 2.70972 19
1739392351198 2.66896 20
1739392351201 2.63765 21
1739392351203 2.61203 22
1739392351206 2.57128 23
1739392351209 2.54535 24
1739392351211 2.50453 25
1739392351214 2.4795 26
1739392351217 2.43872 27
1739392351219 2.40502 28
1739392351222 2.3816499999999996 29
1739392351225 2.35069 30
1739392351227 2.3234399999999997 31
1739392351230 2.2995200000000002 32
1739392351233 2.2722999999999995 33
1739392351236 2.2516299999999996 34
1739392351238 2.22957 35
1739392351241 2.2145599999999996 36
1739392351244 2.20039 37
1739392351246 2.18591 38
1739392351249 2.18431 39
1739392351252 2.17803 40
